{
  "advancedEditorSelectedIdentifier" : "ProjectBrowser",
  "openSceneRelativePaths" : [
    "Materials\/GridMaterial.usda",
    "Scene 1.usda"
  ],
  "recentIdentifiers" : {
    "5F3E8843-9348-40B0-8CE6-441E809915FC" : [

    ],
    "6E951987-8416-4651-AEE1-D647292C4F99" : [

    ],
    "26DBAE76-5DD8-47B6-A085-1B4ADA111097" : [

    ]
  },
  "sceneCameraHistory" : {
    "5F3E8843-9348-40B0-8CE6-441E809915FC" : [
      {
        "date" : 750788189.383752,
        "title" : "Untitled",
        "transform" : [
          0.99999994,
          0,
          -0,
          0,
          -0,
          0.87094504,
          -0.49138036,
          0,
          0,
          0.49138036,
          0.87094504,
          0,
          -0.0024194783,
          0.3821635,
          0.24839488,
          1
        ]
      },
      {
        "date" : 750788171.101271,
        "title" : "Untitled",
        "transform" : [
          0.99999994,
          0,
          -0,
          0,
          -0,
          0.87094504,
          -0.49138036,
          0,
          0,
          0.49138036,
          0.87094504,
          0,
          -0.0024194783,
          0.26177526,
          0.035013232,
          1
        ]
      },
      {
        "date" : 750788168.094664,
        "title" : "Untitled",
        "transform" : [
          0.99999994,
          0,
          -0,
          0,
          -0,
          0.87094504,
          -0.49138036,
          0,
          0,
          0.49138036,
          0.87094504,
          0,
          -0.0024194783,
          0.27919418,
          0.02518563,
          1
        ]
      },
      {
        "date" : 750788162.412037,
        "title" : "Untitled",
        "transform" : [
          0.99999994,
          0,
          -0,
          0,
          -0,
          0.87094504,
          -0.49138036,
          0,
          0,
          0.49138036,
          0.87094504,
          0,
          -0.0024194783,
          0.31850463,
          0.094861224,
          1
        ]
      },
      {
        "date" : 750788158.917308,
        "title" : "Untitled",
        "transform" : [
          0.99999994,
          0,
          -0,
          0,
          -0,
          0.87094504,
          -0.49138036,
          0,
          0,
          0.49138036,
          0.87094504,
          0,
          -0.0024194787,
          0.24011916,
          0.13908544,
          1
        ]
      },
      {
        "date" : 750788144.716058,
        "title" : "Untitled",
        "transform" : [
          0.99999994,
          0,
          -0,
          0,
          -0,
          0.87094504,
          -0.49138036,
          0,
          0,
          0.49138036,
          0.87094504,
          0,
          -0.0024194787,
          0.81257766,
          1.1537361,
          1
        ]
      }
    ],
    "6E951987-8416-4651-AEE1-D647292C4F99" : [
      {
        "date" : 750789083.529487,
        "title" : "Untitled",
        "transform" : [
          1,
          0,
          0,
          0,
          0,
          0.8660254,
          -0.5,
          0,
          0,
          0.5,
          0.8660254,
          0,
          0,
          0.15219277,
          0.26360562,
          1
        ]
      },
      {
        "date" : 750789059.605355,
        "title" : "Untitled",
        "transform" : [
          1,
          0,
          -0,
          0,
          -0,
          0.8660254,
          -0.5,
          0,
          0,
          0.5,
          0.8660254,
          0,
          0,
          0.15219277,
          0.26360562,
          1
        ]
      },
      {
        "date" : 750789045.370306,
        "title" : "Untitled",
        "transform" : [
          1,
          0,
          -0,
          0,
          -0,
          0.8660254,
          -0.5,
          0,
          0,
          0.5,
          0.8660254,
          0,
          0,
          0.15001245,
          0.2598292,
          1
        ]
      },
      {
        "date" : 750789034.523543,
        "title" : "Untitled",
        "transform" : [
          1,
          0,
          -0,
          0,
          -0,
          0.8660254,
          -0.5,
          0,
          0,
          0.5,
          0.8660254,
          0,
          0,
          0.15001321,
          0.2598305,
          1
        ]
      },
      {
        "date" : 750789032.693878,
        "title" : "Untitled",
        "transform" : [
          1,
          0,
          -0,
          0,
          -0,
          0.8660254,
          -0.5,
          0,
          0,
          0.5,
          0.8660254,
          0,
          0,
          0.22467995,
          0.3891571,
          1
        ]
      }
    ],
    "26DBAE76-5DD8-47B6-A085-1B4ADA111097" : [
      {
        "date" : 750789039.113399,
        "title" : "Untitled",
        "transform" : [
          0.69466466,
          1.0254155e-08,
          0.7193337,
          0,
          0.19313377,
          0.9632825,
          -0.18651038,
          0,
          -0.69292164,
          0.2684898,
          0.66915834,
          0,
          -0.15533195,
          0.09346211,
          0.18780112,
          1
        ]
      },
      {
        "date" : 750789013.516192,
        "title" : "Untitled",
        "transform" : [
          0.69466466,
          1.0254155e-08,
          0.7193337,
          0,
          0.19313377,
          0.9632825,
          -0.18651038,
          0,
          -0.69292164,
          0.2684898,
          0.66915834,
          0,
          -0.15533195,
          0.09346211,
          0.18780112,
          1
        ]
      },
      {
        "date" : 750789000.22936,
        "title" : "Untitled",
        "transform" : [
          0.69466466,
          1.0254155e-08,
          0.7193337,
          0,
          0.19313377,
          0.9632825,
          -0.18651038,
          0,
          -0.69292164,
          0.2684898,
          0.66915834,
          0,
          -0.15533195,
          0.09346211,
          0.18780112,
          1
        ]
      },
      {
        "date" : 750788939.545152,
        "title" : "Untitled",
        "transform" : [
          0.69466466,
          1.0254155e-08,
          0.7193337,
          0,
          0.19313377,
          0.9632825,
          -0.18651038,
          0,
          -0.69292164,
          0.2684898,
          0.66915834,
          0,
          -0.15533195,
          0.09346211,
          0.18780112,
          1
        ]
      },
      {
        "date" : 750788937.846083,
        "title" : "Untitled",
        "transform" : [
          0.69466466,
          1.0254155e-08,
          0.7193337,
          0,
          0.19313377,
          0.9632825,
          -0.18651038,
          0,
          -0.69292164,
          0.2684898,
          0.66915834,
          0,
          -0.15533195,
          0.09346211,
          0.18780112,
          1
        ]
      },
      {
        "date" : 750788935.161229,
        "title" : "Untitled",
        "transform" : [
          0.69466466,
          1.0254155e-08,
          0.7193337,
          0,
          0.19313377,
          0.9632825,
          -0.18651038,
          0,
          -0.69292164,
          0.2684898,
          0.66915834,
          0,
          -0.15533195,
          0.09346211,
          0.18780112,
          1
        ]
      },
      {
        "date" : 750788207.889207,
        "title" : "Untitled",
        "transform" : [
          0.69466466,
          1.0254155e-08,
          0.7193337,
          0,
          0.19313377,
          0.9632825,
          -0.18651038,
          0,
          -0.69292164,
          0.2684898,
          0.66915834,
          0,
          -0.15533195,
          0.09346211,
          0.18780112,
          1
        ]
      },
      {
        "date" : 750788137.3541,
        "title" : "Untitled",
        "transform" : [
          0.69466466,
          1.0254155e-08,
          0.7193337,
          0,
          0.19313377,
          0.9632825,
          -0.18651038,
          0,
          -0.69292164,
          0.2684898,
          0.66915834,
          0,
          -0.15533195,
          0.09346211,
          0.18780112,
          1
        ]
      },
      {
        "date" : 750788133.366286,
        "title" : "Untitled",
        "transform" : [
          0.69466466,
          1.0254155e-08,
          0.7193337,
          0,
          0.19313377,
          0.9632825,
          -0.18651038,
          0,
          -0.69292164,
          0.2684898,
          0.66915834,
          0,
          -0.013688924,
          0.14162624,
          0.31514895,
          1
        ]
      },
      {
        "date" : 750788128.400463,
        "title" : "Untitled",
        "transform" : [
          0.69466466,
          1.0254155e-08,
          0.7193337,
          0,
          0.19313377,
          0.9632825,
          -0.18651038,
          0,
          -0.69292164,
          0.2684898,
          0.66915834,
          0,
          -0.42251277,
          0.30003518,
          0.70995224,
          1
        ]
      }
    ],
    "512EEDC9-8D90-4601-9A12-45D3A572AC76" : [
      {
        "date" : 750788954.244393,
        "title" : "Untitled",
        "transform" : [
          0.99999994,
          0,
          -0,
          0,
          -0,
          0.8660254,
          -0.49999988,
          0,
          0,
          0.49999988,
          0.8660254,
          0,
          0,
          0.14217965,
          0.2462624,
          1
        ]
      },
      {
        "date" : 750788950.905132,
        "title" : "Untitled",
        "transform" : [
          0.99999994,
          0,
          -0,
          0,
          -0,
          0.8660254,
          -0.49999988,
          0,
          0,
          0.49999988,
          0.8660254,
          0,
          0,
          0.22467975,
          0.38915676,
          1
        ]
      },
      {
        "date" : 750788947.674224,
        "title" : "Untitled",
        "transform" : [
          0.99999994,
          0,
          -0,
          0,
          -0,
          0.8660254,
          -0.49999988,
          0,
          0,
          0.49999988,
          0.8660254,
          0,
          0,
          0.22467975,
          0.38915676,
          1
        ]
      }
    ]
  },
  "selectedSceneRelativePath" : "Scene 1.usda"
}