{
  "advancedEditorSelectedIdentifier" : "ProjectBrowser",
  "openSceneRelativePaths" : [
    "Scene.usda",
    "Sol.usda"
  ],
  "recentIdentifiers" : {
    "26DBAE76-5DD8-47B6-A085-1B4ADA111097" : [

    ]
  },
  "sceneCameraHistory" : {
    "5F3E8843-9348-40B0-8CE6-441E809915FC" : [
      {
        "date" : 750788189.383752,
        "title" : "Untitled",
        "transform" : [
          0.99999994,
          0,
          -0,
          0,
          -0,
          0.87094504,
          -0.49138036,
          0,
          0,
          0.49138036,
          0.87094504,
          0,
          -0.0024194783,
          0.3821635,
          0.24839488,
          1
        ]
      },
      {
        "date" : 750788171.101271,
        "title" : "Untitled",
        "transform" : [
          0.99999994,
          0,
          -0,
          0,
          -0,
          0.87094504,
          -0.49138036,
          0,
          0,
          0.49138036,
          0.87094504,
          0,
          -0.0024194783,
          0.26177526,
          0.035013232,
          1
        ]
      },
      {
        "date" : 750788168.094664,
        "title" : "Untitled",
        "transform" : [
          0.99999994,
          0,
          -0,
          0,
          -0,
          0.87094504,
          -0.49138036,
          0,
          0,
          0.49138036,
          0.87094504,
          0,
          -0.0024194783,
          0.27919418,
          0.02518563,
          1
        ]
      },
      {
        "date" : 750788162.412037,
        "title" : "Untitled",
        "transform" : [
          0.99999994,
          0,
          -0,
          0,
          -0,
          0.87094504,
          -0.49138036,
          0,
          0,
          0.49138036,
          0.87094504,
          0,
          -0.0024194783,
          0.31850463,
          0.094861224,
          1
        ]
      },
      {
        "date" : 750788158.917308,
        "title" : "Untitled",
        "transform" : [
          0.99999994,
          0,
          -0,
          0,
          -0,
          0.87094504,
          -0.49138036,
          0,
          0,
          0.49138036,
          0.87094504,
          0,
          -0.0024194787,
          0.24011916,
          0.13908544,
          1
        ]
      },
      {
        "date" : 750788144.716058,
        "title" : "Untitled",
        "transform" : [
          0.99999994,
          0,
          -0,
          0,
          -0,
          0.87094504,
          -0.49138036,
          0,
          0,
          0.49138036,
          0.87094504,
          0,
          -0.0024194787,
          0.81257766,
          1.1537361,
          1
        ]
      }
    ],
    "26DBAE76-5DD8-47B6-A085-1B4ADA111097" : [
      {
        "date" : 750788207.889207,
        "title" : "Untitled",
        "transform" : [
          0.69466466,
          1.0254155e-08,
          0.7193337,
          0,
          0.19313377,
          0.9632825,
          -0.18651038,
          0,
          -0.69292164,
          0.2684898,
          0.66915834,
          0,
          -0.15533195,
          0.09346211,
          0.18780112,
          1
        ]
      },
      {
        "date" : 750788137.3541,
        "title" : "Untitled",
        "transform" : [
          0.69466466,
          1.0254155e-08,
          0.7193337,
          0,
          0.19313377,
          0.9632825,
          -0.18651038,
          0,
          -0.69292164,
          0.2684898,
          0.66915834,
          0,
          -0.15533195,
          0.09346211,
          0.18780112,
          1
        ]
      },
      {
        "date" : 750788133.366286,
        "title" : "Untitled",
        "transform" : [
          0.69466466,
          1.0254155e-08,
          0.7193337,
          0,
          0.19313377,
          0.9632825,
          -0.18651038,
          0,
          -0.69292164,
          0.2684898,
          0.66915834,
          0,
          -0.013688924,
          0.14162624,
          0.31514895,
          1
        ]
      },
      {
        "date" : 750788128.400463,
        "title" : "Untitled",
        "transform" : [
          0.69466466,
          1.0254155e-08,
          0.7193337,
          0,
          0.19313377,
          0.9632825,
          -0.18651038,
          0,
          -0.69292164,
          0.2684898,
          0.66915834,
          0,
          -0.42251277,
          0.30003518,
          0.70995224,
          1
        ]
      },
      {
        "date" : 750788124.916362,
        "title" : "Untitled",
        "transform" : [
          0.7230993,
          1.0997052e-08,
          0.6907441,
          0,
          0.17549603,
          0.96718633,
          -0.18371645,
          0,
          -0.6680783,
          0.25406808,
          0.69937176,
          0,
          -0.42251277,
          0.30003518,
          0.70995224,
          1
        ]
      },
      {
        "date" : 750788089.399612,
        "title" : "Untitled",
        "transform" : [
          0.7230993,
          1.0997052e-08,
          0.6907441,
          0,
          0.17549603,
          0.96718633,
          -0.18371645,
          0,
          -0.6680783,
          0.25406808,
          0.69937176,
          0,
          -0.44961447,
          0.18540196,
          0.72570723,
          1
        ]
      },
      {
        "date" : 750787520.791967,
        "title" : "Untitled",
        "transform" : [
          0.7230993,
          1.0997052e-08,
          0.6907441,
          0,
          0.17549603,
          0.96718633,
          -0.18371645,
          0,
          -0.6680783,
          0.25406808,
          0.69937176,
          0,
          -0.41731438,
          0.1952192,
          0.7529957,
          1
        ]
      },
      {
        "date" : 750787516.658048,
        "title" : "Untitled",
        "transform" : [
          0.7230993,
          1.0997052e-08,
          0.6907441,
          0,
          0.17549603,
          0.96718633,
          -0.18371645,
          0,
          -0.6680783,
          0.25406808,
          0.69937176,
          0,
          -0.7914377,
          0.33749756,
          1.1446449,
          1
        ]
      },
      {
        "date" : 750787500.140142,
        "title" : "Untitled",
        "transform" : [
          0.7230993,
          1.0997052e-08,
          0.6907441,
          0,
          0.17549603,
          0.96718633,
          -0.18371645,
          0,
          -0.6680783,
          0.25406808,
          0.69937176,
          0,
          -0.8130018,
          0.2874268,
          1.1422353,
          1
        ]
      },
      {
        "date" : 750787277.317518,
        "title" : "Untitled",
        "transform" : [
          0.7858548,
          -1.9628834e-07,
          0.6184111,
          0,
          0.19270077,
          0.9502114,
          -0.24487698,
          0,
          -0.5876212,
          0.31160605,
          0.74672824,
          0,
          -0.47185016,
          0.78094375,
          0.7588285,
          1
        ]
      }
    ]
  },
  "selectedSceneRelativePath" : "Scene.usda"
}